14
1.683602
8.483602 0.1254902 0.6235294 0.572549 
10.5836 0.1215686 0.6784314 0.5686275 
11.4836 0.1372549 0.7098039 0.5764706 
12.3836 0.1215686 0.654902 0.5686275 
13.1836 0.1294118 0.6156863 0.5568628 
14.6836 0.2196078 0.4509804 0.5960785 0
17.0836 0.5019608 0.5607843 0.5372549 
17.6836 0.5058824 0.5372549 0.5137255 1
19.3836 0.2392157 0.5568628 0.7490196 
20.1836 0.3372549 0.4392157 0.7137255 
20.7836 0.3254902 0.4235294 0.7450981 2
23.4836 0.7058824 0.6509804 0.6352941 3
25.5836 0.5490196 0.6784314 0.5019608 4
26.4836 0.5372549 0.6745098 0.4862745 
