37
0.12
7.59788 0.6352941 0.5176471 0.5686275 
8.783671 0.6862745 0.6745098 0.6745098 0
11.51515 0.4156863 0.5411765 0.3215686 
12.87764 0.3921569 0.5215687 0.2901961 1
15.9473 0.2509804 0.8078431 0.6901961 2
21.76108 0 0 0 
22.78616 0 0 0 
30.38618 0 0 0 
32.60662 0 0 0 
33.71838 0.2862745 0.2431373 0.7490196 
34.74609 0 0 0 
36.11614 0 0 0 
37.6556 0 0 0 
38.76781 0.2745098 0.254902 0.7568628 
39.4526 0 0 0 
40.14125 0 0 0 
40.82943 0 0 0 
41.34436 0 0 0 
42.28538 0 0 0 
43.1417 0 0 0 
43.91895 0.2627451 0.254902 0.7568628 
45.03636 0 0 0 
46.06938 0.2745098 0.2509804 0.7607843 
46.93199 0 0 0 
47.87593 0.2745098 0.2705882 0.7333333 
48.65124 0 0 0 
49.25381 0.2431373 0.2470588 0.7764706 
50.02961 0 0 0 
50.80481 0 0 0 
51.23706 0 0 0 
51.83902 0 0 0 
52.27005 0.1921569 0.172549 0.8431373 3
56.21507 0 0 0 
56.89951 0 0 0 
57.7567 0 0 0 
58.3566 0 0 0 
59.64657 0.09803922 0.654902 0.1372549 4
