17
3.112273
4.420586 0.1215686 0.772549 0.6235294 
6.732913 0.2117647 0.4705882 0.5960785 0
8.347558 0.3647059 0.7450981 0.5372549 
8.964523 0.3843137 0.7607843 0.5411765 
11.17558 0.4588235 0.5333334 0.4941176 
12.89009 0.3921569 0.8392157 0.3960784 
14.30401 0.4392157 0.5294118 0.5372549 
16.02052 0.3490196 0.8705882 0.5490196 
16.93191 0.4313726 0.5333334 0.5294118 
18.24879 0.372549 0.7607843 0.5215687 
20.06331 0.4980392 0.572549 0.4156863 
22.07792 0.3843137 0.7529412 0.5568628 
25.69496 0.5607843 0.3254902 0.4862745 
27.01063 0.5019608 0.4745098 0.4901961 1
28.62546 0.3176471 0.372549 0.7490196 2
30.13742 0.7529412 0.6392157 0.6745098 3
31.45302 0.5490196 0.6627451 0.4862745 4
