24
2.335871
5.11837 0.6588235 0.6666667 0.6588235 0
7.153252 0.3803922 0.5137255 0.2705882 1
9.01404 0 0 0 
9.774275 0.2431373 0.827451 0.7372549 2
12.48118 0 0 0 
15.0229 0 0 0 
16.03922 0.282353 0.2588235 0.7294118 
18.32817 0 0 0 
19.43182 0.2745098 0.2509804 0.7568628 
20.45957 0 0 0 
21.31575 0.2705882 0.254902 0.7529412 
22.94035 0.254902 0.2509804 0.7647059 
24.56746 0 0 0 
26.27724 0 0 0 
27.04623 0 0 0 
28.15745 0.2588235 0.2509804 0.7607843 
30.46561 0.254902 0.2470588 0.7843137 
31.31917 0.2431373 0.2313726 0.8 
33.20217 0.2313726 0.2235294 0.8039216 3
35.4259 0 0 0 
36.70707 0 0 0 
39.53327 0 0 0 
40.64314 0.1294118 0.6392157 0.1254902 
42.43533 0.09019608 0.6431373 0.1176471 4
