13
2.115652
4.03597 0.1254902 0.7686275 0.6156863 
9.350082 0.1215686 0.7490196 0.6039216 
12.06636 0.2117647 0.4627451 0.5960785 0
14.98198 0.3803922 0.7568628 0.5333334 
16.99573 0.4980392 0.4901961 0.509804 1
20.50773 0.254902 0.5333334 0.7333333 
22.72318 0.254902 0.5333334 0.7333333 
23.63845 0.2470588 0.5372549 0.7333333 
25.2547 0.2509804 0.5372549 0.7450981 
25.66849 0.3176471 0.3607843 0.7372549 2
28.18364 0.7294118 0.6588235 0.6431373 3
30.70013 0.4666667 0.8745098 0.4901961 
31.71598 0.5647059 0.6784314 0.4666667 4
