29
2.112929
5.512929 0.2235294 0.5019608 0.5686275 
7.012929 0.145098 0.7450981 0.5882353 
7.712929 0.1529412 0.7647059 0.5568628 
8.71293 0.1294118 0.7333333 0.572549 
9.91293 0.282353 0.3019608 0.5921569 
12.31293 0.227451 0.5215687 0.5921569 
13.31293 0.1372549 0.6941177 0.572549 
14.31293 0.1215686 0.6745098 0.572549 
16.91293 0.1294118 0.6705883 0.5529412 
17.81293 0.1254902 0.7254902 0.5764706 
21.71293 0.1490196 0.509804 0.5960785 
23.41293 0 0 0 
25.11293 0 0 0 
26.01293 0.1215686 0.6196079 0.5843138 
33.31293 0.3058824 0.5254902 0.5647059 
34.71293 0.254902 0.509804 0.5607843 
36.71293 0.1137255 0.6941177 0.5921569 
37.61293 0 0 0 
38.51293 0.1215686 0.6470588 0.5803922 
39.71293 0.1607843 0.4784314 0.5764706 
41.81293 0.2156863 0.4588235 0.5882353 0
44.11293 0.4666667 0.5411765 0.4823529 1
47.41293 0.3294118 0.3921569 0.7254902 2
50.91293 0.7450981 0.6862745 0.6352941 3
52.51293 0.5568628 0.6509804 0.4666667 
53.81293 0.4980392 0.8627451 0.4823529 
54.91293 0.5529412 0.6705883 0.4862745 
55.71293 0.5411765 0.6509804 0.4823529 
57.91293 0.5490196 0.7333333 0.4980392 4
