17
1.210239
3.999787 0.6588235 0.5686275 0.5686275 
4.762238 0.6666667 0.5960785 0.5960785 
5.355884 0.6784314 0.6156863 0.654902 
6.455428 0.6431373 0.6039216 0.6588235 
9.163819 0.6784314 0.6039216 0.6470588 
10.09462 0.6980392 0.6745098 0.6862745 0
14.35117 0.3764706 0.5607843 0.3333333 
15.37951 0.3686275 0.5254902 0.2862745 1
17.4302 0 0 0 
18.11303 0 0 0 
19.05136 0.2156863 0.8078431 0.7686275 
20.33263 0.2431373 0.8196079 0.7294118 2
22.13073 0 0 0 
22.90091 0.2235294 0.2235294 0.7921569 3
25.6375 0 0 0 
27.00517 0 0 0 
27.861 0.07843138 0.6470588 0.1254902 4
