17
2.201607
3.52288 0.2313726 0.3568628 0.6039216 
4.241523 0.1215686 0.772549 0.6235294 
5.154135 0.1254902 0.772549 0.6078432 
5.770383 0.1333333 0.7803922 0.6 
6.286024 0.1490196 0.8196079 0.627451 
7.200353 0.1176471 0.7450981 0.6196079 
7.816247 0.1843137 0.4627451 0.6078432 0
9.33056 0.5764706 0.2666667 0.4823529 
9.845593 0.5764706 0.2666667 0.4823529 
10.2588 0.5058824 0.4745098 0.4823529 1
10.67308 0.4823529 0.5137255 0.4823529 
11.38622 0.1764706 0.8392157 0.7372549 
12.99981 0.2470588 0.5450981 0.7647059 
13.61434 0.3137255 0.3568628 0.7294118 
14.52906 0.3254902 0.4 0.7215686 2
16.14492 0.7411765 0.627451 0.6627451 3
17.45818 0.5490196 0.6627451 0.4784314 4
