105
1.086534
3.967705 0.6745098 0.6745098 0.6941177 0
5.751994 0.3686275 0.5529412 0.3137255 1
7.10955 0.2313726 0.8039216 0.7254902 2
8.724127 0 0 0 
10.25609 0 0 0 
11.10649 0 0 0 
12.89207 0 0 0 
13.74496 0 0 0 
15.63113 0 0 0 
17.43762 0 0 0 
18.55322 0 0 0 
19.9377 0 0 0 
21.56445 0 0 0 
23.53929 0 0 0 
25.9433 0 0 0 
27.57535 0 0 0 
28.77851 0 0 0 
29.80751 0 0 0 
31.0091 0 0 0 
31.8703 0 0 0 
32.81721 0 0 0 
34.70652 0 0 0 
35.90645 0 0 0 
37.70695 0 0 0 
39.68481 0 0 0 
41.31688 0 0 0 
43.54932 0 0 0 
44.66535 0 0 0 
47.41182 0 0 0 
52.21613 0 0 0 
53.58921 0 0 0 
54.61795 0 0 0 
55.90559 0 0 0 
58.05126 0 0 0 
59.33673 0 0 0 
60.53784 0 0 0 
66.11591 0.4470588 0.5607843 0.4901961 
70.74784 0.427451 0.5019608 0.6784314 
72.11973 0 0 0 
73.49604 0 0 0 
74.61044 0 0 0 
76.24165 0 0 0 
76.9304 0.4431373 0.4705882 0.682353 
78.13013 0 0 0 
79.3316 0 0 0 
79.9323 0 0 0 
80.79156 0 0 0 
81.30922 0 0 0 
81.82536 0 0 0 
82.33958 0 0 0 
82.85673 0 0 0 
83.54364 0 0 0 
84.74836 0 0 0 
86.03664 0 0 0 
86.72424 0 0 0 
87.24062 0 0 0 
87.67175 0 0 0 
88.10235 0 0 0 
89.39017 0.4862745 0.4901961 0.7215686 
90.50459 0 0 0 
91.79152 0 0 0 
93.25188 0 0 0 
94.28165 0 0 0 
95.31057 0 0 0 
95.99929 0 0 0 
96.77283 0 0 0 
97.88853 0 0 0 
98.91983 0 0 0 
99.43459 0 0 0 
100.036 0 0 0 
100.8968 0 0 0 
101.6711 0 0 0 
102.6149 0 0 0 
103.7342 0 0 0 
104.509 0 0 0 
105.4512 0 0 0 
107.4246 0 0 0 
108.112 0 0 0 
108.7133 0 0 0 
110.5163 0.4901961 0.6039216 0.5686275 
112.0641 0.4941176 0.5764706 0.6196079 
113.1779 0.4862745 0.5333334 0.6745098 
115.5844 0 0 0 
117.2148 0.2431373 0.2470588 0.772549 
119.8746 0 0 0 
121.2479 0 0 0 
122.4482 0.2627451 0.2470588 0.7686275 
123.3069 0 0 0 
124.5091 0.2588235 0.2509804 0.7607843 
125.3696 0.2509804 0.2509804 0.772549 
126.2304 0.2431373 0.2470588 0.7764706 
127.0058 0.227451 0.2313726 0.7921569 3
129.3219 0 0 0 
130.6068 0 0 0 
131.8977 0 0 0 
132.4993 0 0 0 
133.2693 0.282353 0.5215687 0.3333333 
134.6425 0.2392157 0.6117647 0.2 
136.6993 0 0 0 
137.9889 0 0 0 
139.3621 0 0 0 
140.5627 0 0 0 
142.7895 0.3176471 0.5568628 0.3294118 
146.3881 0 0 0 
147.8445 0.08627451 0.6509804 0.1176471 4
