56
2.491716
5.961809 0.6862745 0.6745098 0.6745098 0
9.774638 0.3882353 0.5176471 0.2705882 1
12.4799 0.254902 0.8235294 0.7058824 2
15.56162 0 0 0 
18.47169 0 0 0 
20.35608 0 0 0 
22.41108 0 0 0 
25.06603 0 0 0 
27.46605 0 0 0 
30.20247 0 0 0 
34.99778 0 0 0 
39.3664 0 0 0 
42.96441 0 0 0 
46.9894 0 0 0 
49.21619 0 0 0 
51.44033 0 0 0 
56.23754 0 0 0 
57.7754 0 0 0 
61.63111 0 0 0 
63.00286 0 0 0 
65.32401 0 0 0 
66.86543 0 0 0 
70.71844 0 0 0 
72.60278 0 0 0 
74.40069 0 0 0 
76.81117 0 0 0 
80.50655 0 0 0 
84.11709 0 0 0 
86.69374 0 0 0 
88.75661 0 0 0 
91.93627 0 0 0 
95.02995 0 0 0 
97.17815 0 0 0 
99.07239 0 0 0 
100.5327 0 0 0 
103.4585 0 0 0 
104.3192 0 0 0 
106.0376 0 0 0 
113.602 0 0 0 
114.547 0 0 0 
118.4157 0 0 0 
120.0458 0 0 0 
123.8279 0 0 0 
125.0303 0 0 0 
127.6086 0 0 0 
128.987 0 0 0 
133.4636 0.2 0.1960784 0.8196079 3
138.1901 0 0 0 
141.6268 0 0 0 
143.5192 0 0 0 
146.0139 0 0 0 
148.7635 0 0 0 
150.1387 0 0 0 
154.3495 0 0 0 
156.6702 0 0 0 
158.1317 0.07450981 0.6509804 0.1019608 4
