13
2.022326
3.643164 0.1215686 0.7568628 0.6156863 
5.057892 0.1254902 0.7764706 0.6196079 
6.274194 0.2313726 0.3568628 0.5960785 
7.490141 0.2156863 0.3764706 0.6078432 
8.605445 0.1254902 0.7686275 0.6117647 
9.61823 0.2117647 0.4666667 0.6 0
11.33318 0.3529412 0.8745098 0.5333334 
12.54889 0.3607843 0.8745098 0.5294118 
13.46508 0.509804 0.5019608 0.4941176 1
15.77866 0.254902 0.5333334 0.7450981 
17.39433 0.3058824 0.3686275 0.7490196 2
19.40968 0.7294118 0.627451 0.6627451 3
21.02253 0.5568628 0.6666667 0.4784314 4
