13
0.12
4.892271 0.145098 0.5254902 0.5921569 
5.892271 0.1254902 0.627451 0.5764706 
6.792271 0.1215686 0.6666667 0.5764706 
11.29227 0.1333333 0.6 0.5568628 
12.39227 0.1254902 0.6784314 0.5607843 
13.49227 0.2235294 0.4666667 0.5960785 0
17.99227 0.4509804 0.7294118 0.4784314 
19.29227 0.3764706 0.8823529 0.4745098 
20.29227 0.5019608 0.5137255 0.4901961 1
23.89227 0.2509804 0.5450981 0.7411765 
26.59227 0.3529412 0.4352941 0.7568628 2
30.69227 0.7294118 0.6588235 0.6431373 3
32.09227 0.5568628 0.6941177 0.4941176 4
