36
5.085407
6.435079 0.4352941 0.4588235 0.4470588 
10.68158 0.6509804 0.5803922 0.5764706 
12.0427 0.6627451 0.6117647 0.6156863 
13.31951 0.6509804 0.5921569 0.627451 
15.19251 0.682353 0.6666667 0.6941177 0
18.94215 0 0 0 
20.21994 0 0 0 
21.1581 0 0 0 
24.90929 0 0 0 
26.2696 0 0 0 
27.20909 0 0 0 
27.80563 0 0 0 
27.97855 0 0 0 
28.74423 0.4313726 0.5058824 0.2980392 
28.91575 0.4392157 0.5215687 0.3137255 
29.93899 0.4117647 0.5215687 0.2980392 1
31.56474 0 0 0 
33.62384 0 0 0 
33.88147 0 0 0 
36.37695 0.4235294 0.5254902 0.5058824 
37.4948 0.3686275 0.6666667 0.5372549 
38.26795 0 0 0 
39.21403 0 0 0 
39.90167 0 0 0 
40.67493 0.2313726 0.8 0.7294118 2
42.73981 0 0 0 
44.11734 0 0 0 
44.72254 0 0 0 
45.32481 0.2392157 0.2431373 0.7803922 
46.18561 0 0 0 
46.70211 0 0 0 
47.47731 0.2196078 0.2117647 0.7882353 3
49.97004 0.1803922 0.6117647 0.1803922 
50.74439 0.145098 0.627451 0.1372549 
51.34782 0 0 0 
52.37978 0.06666667 0.6470588 0.1215686 4
