47
1.440925
3.806502 0.682353 0.6705883 0.7058824 0
6.107555 0 0 0 
7.045368 0 0 0 
9.430216 0 0 0 
10.28392 0.4235294 0.5411765 0.3215686 
11.13676 0 0 0 
11.90476 0.4196078 0.5333334 0.3411765 
12.75826 0.3764706 0.5529412 0.3058824 1
14.20353 0 0 0 
15.13906 0 0 0 
15.819 0 0 0 
16.67171 0 0 0 
17.1825 0 0 0 
17.8639 0.254902 0.7921569 0.7058824 2
19.22777 0 0 0 
20.16687 0 0 0 
20.93782 0 0 0 
21.79077 0 0 0 
22.47552 0 0 0 
23.24507 0 0 0 
24.18465 0 0 0 
24.7825 0 0 0 
25.38054 0 0 0 
26.06456 0.5490196 0.4980392 0.7254902 
27.00235 0 0 0 
27.94029 0 0 0 
28.62399 0 0 0 
29.98748 0 0 0 
30.502 0 0 0 
31.014 0 0 0 
31.44219 0 0 0 
31.87022 0 0 0 
32.29771 0 0 0 
32.63943 0 0 0 
33.06725 0.4666667 0.5137255 0.6666667 
33.92189 0.4431373 0.4823529 0.6941177 
34.51726 0 0 0 
35.20156 0.2941177 0.2588235 0.682353 
36.055 0.2901961 0.254902 0.7058824 
36.90611 0.2745098 0.254902 0.7372549 
37.50485 0.2627451 0.2588235 0.7568628 
38.18765 0.2470588 0.2470588 0.7803922 
38.95549 0.2392157 0.2352941 0.7960784 
39.55621 0.227451 0.2156863 0.8039216 3
41.34117 0 0 0 
42.36062 0.1686275 0.627451 0.1215686 
43.37966 0.1176471 0.6392157 0.1176471 4
